xof 0303txt 0032
template Frame {
 <3d82ab46-62da-11cf-ab39-0020af71e433>
 [...]
}

template Matrix4x4 {
 <f6f23f45-7686-11cf-8f52-0040333594a3>
 array FLOAT matrix[16];
}

template FrameTransformMatrix {
 <f6f23f41-7686-11cf-8f52-0040333594a3>
 Matrix4x4 frameMatrix;
}

template Animation {
 <3d82ab4f-62da-11cf-ab39-0020af71e433>
 [...]
}

template AnimationSet {
 <3d82ab50-62da-11cf-ab39-0020af71e433>
 [Animation <3d82ab4f-62da-11cf-ab39-0020af71e433>]
}

template AnimationOptions {
 <e2bf56c0-840f-11cf-8f52-0040333594a3>
 DWORD openclosed;
 DWORD positionquality;
}

template FloatKeys {
 <10dd46a9-775b-11cf-8f52-0040333594a3>
 DWORD nValues;
 array FLOAT values[nValues];
}

template TimedFloatKeys {
 <f406b180-7b3b-11cf-8f52-0040333594a3>
 DWORD time;
 FloatKeys tfkeys;
}

template AnimationKey {
 <10dd46a8-775b-11cf-8f52-0040333594a3>
 DWORD keyType;
 DWORD nKeys;
 array TimedFloatKeys keys[nKeys];
}


Frame Tors {
 

 FrameTransformMatrix {
  0.534145,0.845387,-0.003023,0.000000,-0.845392,0.534145,-0.000933,0.000000,0.000826,0.003054,0.999995,0.000000,-3.946402,1.046544,-0.183256,1.000000;;
 }

 Frame {
  

  FrameTransformMatrix {
   1.000000,0.000000,0.000000,0.000000,-0.000000,1.000000,0.000000,0.000000,0.000000,0.000000,1.000000,0.000000,0.000000,0.000000,0.000000,1.000000;;
  }
 }

 Frame TorsUp {
  

  FrameTransformMatrix {
   0.986482,0.163802,0.004617,0.000000,-0.163798,0.986493,-0.001140,0.000000,-0.004742,0.000368,0.999988,0.000000,4.419194,0.000000,-0.000001,1.000000;;
  }

  Frame {
   

   FrameTransformMatrix {
    1.000001,-0.000000,-0.000000,0.000000,0.000000,1.000000,0.000000,0.000000,0.000000,-0.000000,1.000000,0.000000,0.000000,0.000000,0.000000,1.000000;;
   }
  }

  Frame HeadB {
   

   FrameTransformMatrix {
    0.999831,0.000007,0.018371,0.000000,-0.000007,1.000000,-0.000000,0.000000,-0.018371,0.000000,0.999831,0.000000,4.399964,0.000000,-0.000002,1.000000;;
   }
  }
 }

 Frame InTorL {
  

  FrameTransformMatrix {
   0.968614,-0.110822,0.222498,0.000000,0.114999,0.993348,-0.005862,0.000000,-0.220368,0.031265,0.974916,0.000000,4.424906,-0.000673,0.002953,1.000000;;
  }

  Frame {
   

   FrameTransformMatrix {
    1.000000,0.000000,-0.000000,0.000000,-0.000000,1.000000,0.000000,0.000000,-0.000000,0.000000,1.000000,0.000000,0.000000,0.000000,0.000000,1.000000;;
   }
  }

  Frame LeftShoulder {
   

   FrameTransformMatrix {
    -0.034538,-0.148911,0.988247,0.000000,-0.026151,0.988633,0.148056,0.000000,-0.999061,-0.020731,-0.038039,0.000000,2.927039,-0.000000,0.000001,1.000000;;
   }

   Frame {
    

    FrameTransformMatrix {
     1.000000,0.000000,-0.000000,0.000000,-0.000000,1.000000,-0.000000,0.000000,-0.000000,-0.000000,1.000000,0.000000,0.000000,0.000000,0.000000,1.000000;;
    }
   }

   Frame LeftArm {
    

    FrameTransformMatrix {
     0.541901,-0.824409,0.163381,0.000000,0.725920,0.557096,0.403342,0.000000,-0.423538,-0.099969,0.900346,0.000000,2.442419,0.000000,-0.000001,1.000000;;
    }

    Frame {
     

     FrameTransformMatrix {
      1.000000,0.000000,0.000000,0.000000,-0.000000,1.000000,0.000000,0.000000,0.000000,-0.000000,1.000000,0.000000,0.000000,0.000000,0.000000,1.000000;;
     }
    }

    Frame LeftHand {
     

     FrameTransformMatrix {
      0.708113,-0.658507,-0.254843,0.000000,0.036200,0.394298,-0.918269,0.000000,0.705171,0.641013,0.303045,0.000000,3.089211,-0.000000,0.000001,1.000000;;
     }

     Frame {
      

      FrameTransformMatrix {
       1.000000,-0.000000,0.000000,0.000000,0.000000,1.000000,-0.000000,0.000000,0.000000,0.000000,1.000000,0.000000,0.000000,0.000000,0.000000,1.000000;;
      }
     }

     Frame LeftWeap {
      

      FrameTransformMatrix {
       0.897999,-0.028906,0.439048,0.000000,0.060019,0.996560,-0.057147,0.000000,-0.435885,0.077669,0.896644,0.000000,3.818731,0.000000,-0.000002,1.000000;;
      }
     }
    }
   }
  }
 }

 Frame InTorR {
  

  FrameTransformMatrix {
   0.954707,-0.185074,-0.232985,0.000000,0.189294,0.981911,-0.004319,0.000000,0.229570,-0.039979,0.972471,0.000000,4.424906,-0.000673,0.002953,1.000000;;
  }

  Frame {
   

   FrameTransformMatrix {
    0.999998,-0.000000,-0.000000,0.000000,-0.000000,1.000000,-0.000000,0.000000,-0.000000,-0.000000,1.000000,0.000000,0.000000,0.000000,0.000000,1.000000;;
   }
  }

  Frame RightSoulder {
   

   FrameTransformMatrix {
    -0.106150,-0.150986,-0.982820,0.000000,0.031028,-0.988426,0.148496,0.000000,-0.993866,-0.014732,0.109606,0.000000,3.187387,0.000000,0.000001,1.000000;;
   }

   Frame {
    

    FrameTransformMatrix {
     0.999999,-0.000000,-0.000000,0.000000,-0.000000,1.000000,0.000000,0.000000,-0.000000,0.000000,1.000000,0.000000,0.000000,0.000000,0.000000,1.000000;;
    }
   }

   Frame RightArm {
    

    FrameTransformMatrix {
     0.735286,0.672931,-0.080730,0.000000,-0.597510,0.587393,-0.545849,0.000000,-0.319898,0.449592,0.833986,0.000000,2.157362,0.000000,-0.000001,1.000000;;
    }

    Frame {
     

     FrameTransformMatrix {
      1.000000,-0.000000,0.000000,0.000000,0.000000,1.000000,0.000000,0.000000,0.000000,0.000000,1.000000,0.000000,0.000000,0.000000,0.000000,1.000000;;
     }
    }

    Frame RightHand {
     

     FrameTransformMatrix {
      0.935381,0.306392,-0.176596,0.000000,-0.328823,0.937306,-0.115472,0.000000,0.130145,0.166080,0.977487,0.000000,3.135296,0.000000,0.000001,1.000000;;
     }

     Frame {
      

      FrameTransformMatrix {
       0.999996,0.000000,-0.000000,0.000000,0.000000,1.000000,0.000000,0.000000,-0.000000,0.000000,1.000000,0.000000,0.000000,0.000000,0.000000,1.000000;;
      }
     }

     Frame RightWeap {
      

      FrameTransformMatrix {
       0.885882,0.315072,0.340503,0.000000,-0.303474,0.948737,-0.088334,0.000000,-0.350879,-0.025080,0.936085,0.000000,4.142575,0.000001,-0.000007,1.000000;;
      }
     }
    }
   }
  }
 }
}

Frame Cloth {
 

 FrameTransformMatrix {
  0.000000,1.000000,0.000000,0.000000,-1.000000,0.000000,0.000000,0.000000,0.000000,0.000000,1.000000,0.000000,-5.240104,0.414664,-0.234376,1.000000;;
 }
}

AnimationSet Anim-1 {
 

 Animation Anim-Tors {
  
  { Tors }

  AnimationOptions {
   0;
   0;
  }

  AnimationKey {
   4;
   101;
   0;16;0.534145,0.845387,-0.003023,0.000000,-0.845392,0.534145,-0.000933,0.000000,0.000826,0.003054,0.999995,0.000000,-3.946402,1.046544,-0.183256,1.000000;;,
   160;16;0.534145,0.845387,-0.003023,0.000000,-0.845392,0.534145,-0.000933,0.000000,0.000826,0.003054,0.999995,0.000000,-3.946241,1.046544,-0.183262,1.000000;;,
   320;16;0.534145,0.845387,-0.003023,0.000000,-0.845392,0.534145,-0.000933,0.000000,0.000826,0.003054,0.999995,0.000000,-3.945754,1.046544,-0.183279,1.000000;;,
   480;16;0.534145,0.845387,-0.003023,0.000000,-0.845392,0.534145,-0.000933,0.000000,0.000826,0.003054,0.999995,0.000000,-3.944938,1.046544,-0.183307,1.000000;;,
   640;16;0.534145,0.845387,-0.003023,0.000000,-0.845392,0.534145,-0.000933,0.000000,0.000826,0.003054,0.999995,0.000000,-3.943787,1.046544,-0.183346,1.000000;;,
   800;16;0.534145,0.845387,-0.003023,0.000000,-0.845392,0.534145,-0.000933,0.000000,0.000826,0.003054,0.999995,0.000000,-3.942297,1.046544,-0.183395,1.000000;;,
   960;16;0.534145,0.845387,-0.003023,0.000000,-0.845392,0.534145,-0.000933,0.000000,0.000826,0.003054,0.999995,0.000000,-3.940464,1.046544,-0.183454,1.000000;;,
   1120;16;0.534145,0.845387,-0.003023,0.000000,-0.845392,0.534145,-0.000933,0.000000,0.000826,0.003054,0.999995,0.000000,-3.938283,1.046544,-0.183523,1.000000;;,
   1280;16;0.534145,0.845387,-0.003023,0.000000,-0.845392,0.534145,-0.000933,0.000000,0.000826,0.003054,0.999995,0.000000,-3.935750,1.046544,-0.183601,1.000000;;,
   1440;16;0.534145,0.845387,-0.003023,0.000000,-0.845392,0.534145,-0.000933,0.000000,0.000826,0.003054,0.999995,0.000000,-3.932860,1.046544,-0.183688,1.000000;;,
   1600;16;0.534145,0.845387,-0.003023,0.000000,-0.845392,0.534145,-0.000933,0.000000,0.000826,0.003054,0.999995,0.000000,-3.929609,1.046544,-0.183783,1.000000;;,
   1760;16;0.534145,0.845387,-0.003023,0.000000,-0.845392,0.534145,-0.000933,0.000000,0.000826,0.003054,0.999995,0.000000,-3.925992,1.046544,-0.183887,1.000000;;,
   1920;16;0.534145,0.845387,-0.003023,0.000000,-0.845392,0.534145,-0.000933,0.000000,0.000826,0.003054,0.999995,0.000000,-3.922005,1.046544,-0.183999,1.000000;;,
   2080;16;0.534145,0.845387,-0.003023,0.000000,-0.845392,0.534145,-0.000933,0.000000,0.000826,0.003054,0.999995,0.000000,-3.917643,1.046544,-0.184118,1.000000;;,
   2240;16;0.534145,0.845387,-0.003023,0.000000,-0.845392,0.534145,-0.000933,0.000000,0.000826,0.003054,0.999995,0.000000,-3.912903,1.046544,-0.184245,1.000000;;,
   2400;16;0.534145,0.845387,-0.003023,0.000000,-0.845392,0.534145,-0.000933,0.000000,0.000826,0.003054,0.999995,0.000000,-3.907779,1.046544,-0.184379,1.000000;;,
   2560;16;0.534145,0.845387,-0.003023,0.000000,-0.845392,0.534145,-0.000933,0.000000,0.000826,0.003054,0.999995,0.000000,-3.902267,1.046544,-0.184519,1.000000;;,
   2720;16;0.534145,0.845387,-0.003023,0.000000,-0.845392,0.534145,-0.000933,0.000000,0.000826,0.003054,0.999995,0.000000,-3.896362,1.046544,-0.184665,1.000000;;,
   2880;16;0.534145,0.845387,-0.003023,0.000000,-0.845392,0.534145,-0.000933,0.000000,0.000826,0.003054,0.999995,0.000000,-3.890060,1.046544,-0.184818,1.000000;;,
   3040;16;0.534145,0.845387,-0.003023,0.000000,-0.845392,0.534145,-0.000933,0.000000,0.000826,0.003054,0.999995,0.000000,-3.883358,1.046544,-0.184976,1.000000;;,
   3200;16;0.534145,0.845387,-0.003023,0.000000,-0.845392,0.534145,-0.000933,0.000000,0.000826,0.003054,0.999995,0.000000,-3.876249,1.046544,-0.185139,1.000000;;,
   3360;16;0.534145,0.845387,-0.003023,0.000000,-0.845392,0.534145,-0.000933,0.000000,0.000826,0.003054,0.999995,0.000000,-3.868729,1.046544,-0.185307,1.000000;;,
   3520;16;0.534145,0.845387,-0.003023,0.000000,-0.845392,0.534145,-0.000933,0.000000,0.000826,0.003054,0.999995,0.000000,-3.860795,1.046544,-0.185480,1.000000;;,
   3680;16;0.534145,0.845387,-0.003023,0.000000,-0.845392,0.534145,-0.000933,0.000000,0.000826,0.003054,0.999995,0.000000,-3.852442,1.046544,-0.185657,1.000000;;,
   3840;16;0.534145,0.845387,-0.003023,0.000000,-0.845392,0.534145,-0.000933,0.000000,0.000826,0.003054,0.999995,0.000000,-3.843665,1.046544,-0.185837,1.000000;;,
   4000;16;0.534145,0.845387,-0.003023,0.000000,-0.845392,0.534145,-0.000933,0.000000,0.000826,0.003054,0.999995,0.000000,-3.834460,1.046544,-0.186022,1.000000;;,
   4160;16;0.534145,0.845387,-0.003023,0.000000,-0.845392,0.534145,-0.000933,0.000000,0.000826,0.003054,0.999995,0.000000,-3.824822,1.046544,-0.186209,1.000000;;,
   4320;16;0.534145,0.845387,-0.003023,0.000000,-0.845392,0.534145,-0.000933,0.000000,0.000826,0.003054,0.999995,0.000000,-3.814747,1.046544,-0.186400,1.000000;;,
   4480;16;0.534145,0.845387,-0.003023,0.000000,-0.845392,0.534145,-0.000933,0.000000,0.000826,0.003054,0.999995,0.000000,-3.804230,1.046544,-0.186593,1.000000;;,
   4640;16;0.534145,0.845387,-0.003023,0.000000,-0.845392,0.534145,-0.000933,0.000000,0.000826,0.003054,0.999995,0.000000,-3.793267,1.046544,-0.186788,1.000000;;,
   4800;16;0.534145,0.845387,-0.003023,0.000000,-0.845392,0.534145,-0.000933,0.000000,0.000826,0.003054,0.999995,0.000000,-3.781854,1.046544,-0.186985,1.000000;;,
   4960;16;0.534145,0.845387,-0.003023,0.000000,-0.845392,0.534145,-0.000933,0.000000,0.000826,0.003054,0.999995,0.000000,-3.769985,1.046544,-0.187183,1.000000;;,
   5120;16;0.534145,0.845387,-0.003023,0.000000,-0.845392,0.534145,-0.000933,0.000000,0.000826,0.003054,0.999995,0.000000,-3.757658,1.046544,-0.187383,1.000000;;,
   5280;16;0.534145,0.845387,-0.003023,0.000000,-0.845392,0.534145,-0.000933,0.000000,0.000826,0.003054,0.999995,0.000000,-3.744866,1.046544,-0.187584,1.000000;;,
   5440;16;0.534145,0.845387,-0.003023,0.000000,-0.845392,0.534145,-0.000933,0.000000,0.000826,0.003054,0.999995,0.000000,-3.731605,1.046544,-0.187785,1.000000;;,
   5600;16;0.534145,0.845387,-0.003023,0.000000,-0.845392,0.534145,-0.000933,0.000000,0.000826,0.003054,0.999995,0.000000,-3.717872,1.046544,-0.187986,1.000000;;,
   5760;16;0.534145,0.845387,-0.003023,0.000000,-0.845392,0.534145,-0.000933,0.000000,0.000826,0.003054,0.999995,0.000000,-3.703662,1.046544,-0.188187,1.000000;;,
   5920;16;0.534145,0.845387,-0.003023,0.000000,-0.845392,0.534145,-0.000933,0.000000,0.000826,0.003054,0.999995,0.000000,-3.688969,1.046544,-0.188388,1.000000;;,
   6080;16;0.534145,0.845387,-0.003023,0.000000,-0.845392,0.534145,-0.000933,0.000000,0.000826,0.003054,0.999995,0.000000,-3.673790,1.046544,-0.188587,1.000000;;,
   6240;16;0.534145,0.845387,-0.003023,0.000000,-0.845392,0.534145,-0.000933,0.000000,0.000826,0.003054,0.999995,0.000000,-3.658121,1.046544,-0.188786,1.000000;;,
   6400;16;0.534145,0.845387,-0.003023,0.000000,-0.845392,0.534145,-0.000933,0.000000,0.000826,0.003054,0.999995,0.000000,-3.641956,1.046544,-0.188983,1.000000;;,
   6560;16;0.534145,0.845387,-0.003023,0.000000,-0.845392,0.534145,-0.000933,0.000000,0.000826,0.003054,0.999995,0.000000,-3.625292,1.046544,-0.189178,1.000000;;,
   6720;16;0.534145,0.845387,-0.003023,0.000000,-0.845392,0.534145,-0.000933,0.000000,0.000826,0.003054,0.999995,0.000000,-3.608123,1.046544,-0.189371,1.000000;;,
   6880;16;0.534145,0.845387,-0.003023,0.000000,-0.845392,0.534145,-0.000933,0.000000,0.000826,0.003054,0.999995,0.000000,-3.590446,1.046544,-0.189562,1.000000;;,
   7040;16;0.534145,0.845387,-0.003023,0.000000,-0.845392,0.534145,-0.000933,0.000000,0.000826,0.003054,0.999995,0.000000,-3.572255,1.046544,-0.189749,1.000000;;,
   7200;16;0.534145,0.845387,-0.003023,0.000000,-0.845392,0.534145,-0.000933,0.000000,0.000826,0.003054,0.999995,0.000000,-3.553547,1.046544,-0.189933,1.000000;;,
   7360;16;0.534145,0.845387,-0.003023,0.000000,-0.845392,0.534145,-0.000933,0.000000,0.000826,0.003054,0.999995,0.000000,-3.534317,1.046544,-0.190114,1.000000;;,
   7520;16;0.534145,0.845387,-0.003023,0.000000,-0.845392,0.534145,-0.000933,0.000000,0.000826,0.003054,0.999995,0.000000,-3.514560,1.046544,-0.190291,1.000000;;,
   7680;16;0.534145,0.845387,-0.003023,0.000000,-0.845392,0.534145,-0.000933,0.000000,0.000826,0.003054,0.999995,0.000000,-3.494273,1.046544,-0.190464,1.000000;;,
   7840;16;0.534145,0.845387,-0.003023,0.000000,-0.845392,0.534145,-0.000933,0.000000,0.000826,0.003054,0.999995,0.000000,-3.473450,1.046544,-0.190632,1.000000;;,
   8000;16;0.534145,0.845387,-0.003023,0.000000,-0.845392,0.534145,-0.000933,0.000000,0.000826,0.003054,0.999995,0.000000,-3.452087,1.046544,-0.190795,1.000000;;,
   8160;16;0.534145,0.845387,-0.003023,0.000000,-0.845392,0.534145,-0.000933,0.000000,0.000826,0.003054,0.999995,0.000000,-3.430179,1.046544,-0.190953,1.000000;;,
   8320;16;0.534145,0.845387,-0.003023,0.000000,-0.845392,0.534145,-0.000933,0.000000,0.000826,0.003054,0.999995,0.000000,-3.401961,1.046544,-0.191118,1.000000;;,
   8480;16;0.534145,0.845387,-0.003023,0.000000,-0.845392,0.534145,-0.000933,0.000000,0.000826,0.003054,0.999995,0.000000,-3.362630,1.046544,-0.191299,1.000000;;,
   8640;16;0.534145,0.845387,-0.003023,0.000000,-0.845392,0.534145,-0.000933,0.000000,0.000826,0.003054,0.999995,0.000000,-3.313632,1.046544,-0.191495,1.000000;;,
   8800;16;0.534145,0.845387,-0.003023,0.000000,-0.845392,0.534145,-0.000933,0.000000,0.000826,0.003054,0.999995,0.000000,-3.256411,1.046544,-0.191702,1.000000;;,
   8960;16;0.534145,0.845387,-0.003023,0.000000,-0.845392,0.534145,-0.000933,0.000000,0.000826,0.003054,0.999995,0.000000,-3.192412,1.046544,-0.191917,1.000000;;,
   9120;16;0.534145,0.845387,-0.003023,0.000000,-0.845392,0.534145,-0.000933,0.000000,0.000826,0.003054,0.999995,0.000000,-3.123080,1.046544,-0.192137,1.000000;;,
   9280;16;0.534145,0.845387,-0.003023,0.000000,-0.845392,0.534145,-0.000933,0.000000,0.000826,0.003054,0.999995,0.000000,-3.049859,1.046544,-0.192359,1.000000;;,
   9440;16;0.534145,0.845387,-0.003023,0.000000,-0.845392,0.534145,-0.000933,0.000000,0.000826,0.003054,0.999995,0.000000,-2.974193,1.046544,-0.192581,1.000000;;,
   9600;16;0.534145,0.845387,-0.003023,0.000000,-0.845392,0.534145,-0.000933,0.000000,0.000826,0.003054,0.999995,0.000000,-2.897528,1.046544,-0.192799,1.000000;;,
   9760;16;0.534145,0.845387,-0.003023,0.000000,-0.845392,0.534145,-0.000933,0.000000,0.000826,0.003054,0.999995,0.000000,-2.821309,1.046544,-0.193010,1.000000;;,
   9920;16;0.534145,0.845387,-0.003023,0.000000,-0.845392,0.534145,-0.000933,0.000000,0.000826,0.003054,0.999995,0.000000,-2.746979,1.046544,-0.193211,1.000000;;,
   10080;16;0.534145,0.845387,-0.003023,0.000000,-0.845392,0.534145,-0.000933,0.000000,0.000826,0.003054,0.999995,0.000000,-2.675983,1.046544,-0.193400,1.000000;;,
   10240;16;0.534145,0.845387,-0.003023,0.000000,-0.845392,0.534145,-0.000933,0.000000,0.000826,0.003054,0.999995,0.000000,-2.609766,1.046544,-0.193573,1.000000;;,
   10400;16;0.534145,0.845387,-0.003023,0.000000,-0.845392,0.534145,-0.000933,0.000000,0.000826,0.003054,0.999995,0.000000,-2.549773,1.046544,-0.193728,1.000000;;,
   10560;16;0.534145,0.845387,-0.003023,0.000000,-0.845392,0.534145,-0.000933,0.000000,0.000826,0.003054,0.999995,0.000000,-2.497449,1.046544,-0.193861,1.000000;;,
   10720;16;0.534145,0.845387,-0.003023,0.000000,-0.845392,0.534145,-0.000933,0.000000,0.000826,0.003054,0.999995,0.000000,-2.454237,1.046544,-0.193970,1.000000;;,
   10880;16;0.534145,0.845387,-0.003023,0.000000,-0.845392,0.534145,-0.000933,0.000000,0.000826,0.003054,0.999995,0.000000,-2.421583,1.046544,-0.194052,1.000000;;,
   11040;16;0.534145,0.845387,-0.003023,0.000000,-0.845392,0.534145,-0.000933,0.000000,0.000826,0.003054,0.999995,0.000000,-2.400931,1.046544,-0.194103,1.000000;;,
   11200;16;0.534145,0.845387,-0.003023,0.000000,-0.845392,0.534145,-0.000933,0.000000,0.000826,0.003054,0.999995,0.000000,-2.393726,1.046544,-0.194120,1.000000;;,
   11360;16;0.534145,0.845387,-0.003023,0.000000,-0.845392,0.534145,-0.000933,0.000000,0.000826,0.003054,0.999995,0.000000,-2.398787,1.046544,-0.194085,1.000000;;,
   11520;16;0.534145,0.845387,-0.003023,0.000000,-0.845392,0.534145,-0.000933,0.000000,0.000826,0.003054,0.999995,0.000000,-2.413508,1.046544,-0.193982,1.000000;;,
   11680;16;0.534145,0.845387,-0.003023,0.000000,-0.845392,0.534145,-0.000933,0.000000,0.000826,0.003054,0.999995,0.000000,-2.437201,1.046544,-0.193816,1.000000;;,
   11840;16;0.534145,0.845387,-0.003023,0.000000,-0.845392,0.534145,-0.000933,0.000000,0.000826,0.003054,0.999995,0.000000,-2.469175,1.046544,-0.193592,1.000000;;,
   12000;16;0.534145,0.845387,-0.003023,0.000000,-0.845392,0.534145,-0.000933,0.000000,0.000826,0.003054,0.999995,0.000000,-2.508739,1.046544,-0.193316,1.000000;;,
   12160;16;0.534145,0.845387,-0.003023,0.000000,-0.845392,0.534145,-0.000933,0.000000,0.000826,0.003054,0.999995,0.000000,-2.555204,1.046544,-0.192990,1.000000;;,
   12320;16;0.534145,0.845387,-0.003023,0.000000,-0.845392,0.534145,-0.000933,0.000000,0.000826,0.003054,0.999995,0.000000,-2.607880,1.046544,-0.192622,1.000000;;,
   12480;16;0.534145,0.845387,-0.003023,0.000000,-0.845392,0.534145,-0.000933,0.000000,0.000826,0.003054,0.999995,0.000000,-2.666077,1.046544,-0.192215,1.000000;;,
   12640;16;0.534145,0.845387,-0.003023,0.000000,-0.845392,0.534145,-0.000933,0.000000,0.000826,0.003054,0.999995,0.000000,-2.729104,1.046544,-0.191774,1.000000;;,
   12800;16;0.534145,0.845387,-0.003023,0.000000,-0.845392,0.534145,-0.000933,0.000000,0.000826,0.003054,0.999995,0.000000,-2.796272,1.046544,-0.191304,1.000000;;,
   12960;16;0.534145,0.845387,-0.003023,0.000000,-0.845392,0.534145,-0.000933,0.000000,0.000826,0.003054,0.999995,0.000000,-2.866890,1.046544,-0.190810,1.000000;;,
   13120;16;0.534145,0.845387,-0.003023,0.000000,-0.845392,0.534145,-0.000933,0.000000,0.000826,0.003054,0.999995,0.000000,-2.940268,1.046544,-0.190296,1.000000;;,
   13280;16;0.534145,0.845387,-0.003023,0.000000,-0.845392,0.534145,-0.000933,0.000000,0.000826,0.003054,0.999995,0.000000,-3.015717,1.046544,-0.189768,1.000000;;,
   13440;16;0.534145,0.845387,-0.003023,0.000000,-0.845392,0.534145,-0.000933,0.000000,0.000826,0.003054,0.999995,0.000000,-3.092546,1.046544,-0.189231,1.000000;;,
   13600;16;0.534145,0.845387,-0.003023,0.000000,-0.845392,0.534145,-0.000933,0.000000,0.000826,0.003054,0.999995,0.000000,-3.170064,1.046544,-0.188688,1.000000;;,
   13760;16;0.534145,0.845387,-0.003023,0.000000,-0.845392,0.534145,-0.000933,0.000000,0.000826,0.003054,0.999995,0.000000,-3.247583,1.046544,-0.188146,1.000000;;,
   13920;16;0.534145,0.845387,-0.003023,0.000000,-0.845392,0.534145,-0.000933,0.000000,0.000826,0.003054,0.999995,0.000000,-3.324412,1.046544,-0.187608,1.000000;;,
   14080;16;0.534145,0.845387,-0.003023,0.000000,-0.845392,0.534145,-0.000933,0.000000,0.000826,0.003054,0.999995,0.000000,-3.399860,1.046544,-0.187080,1.000000;;,
   14240;16;0.534145,0.845387,-0.003023,0.000000,-0.845392,0.534145,-0.000933,0.000000,0.000826,0.003054,0.999995,0.000000,-3.473239,1.046544,-0.186567,1.000000;;,
   14400;16;0.534145,0.845387,-0.003023,0.000000,-0.845392,0.534145,-0.000933,0.000000,0.000826,0.003054,0.999995,0.000000,-3.543857,1.046544,-0.186073,1.000000;;,
   14560;16;0.534145,0.845387,-0.003023,0.000000,-0.845392,0.534145,-0.000933,0.000000,0.000826,0.003054,0.999995,0.000000,-3.611024,1.046544,-0.185603,1.000000;;,
   14720;16;0.534145,0.845387,-0.003023,0.000000,-0.845392,0.534145,-0.000933,0.000000,0.000826,0.003054,0.999995,0.000000,-3.674052,1.046544,-0.185162,1.000000;;,
   14880;16;0.534145,0.845387,-0.003023,0.000000,-0.845392,0.534145,-0.000933,0.000000,0.000826,0.003054,0.999995,0.000000,-3.732248,1.046544,-0.184755,1.000000;;,
   15040;16;0.534145,0.845387,-0.003023,0.000000,-0.845392,0.534145,-0.000933,0.000000,0.000826,0.003054,0.999995,0.000000,-3.784924,1.046544,-0.184386,1.000000;;,
   15200;16;0.534145,0.845387,-0.003023,0.000000,-0.845392,0.534145,-0.000933,0.000000,0.000826,0.003054,0.999995,0.000000,-3.831389,1.046544,-0.184061,1.000000;;,
   15360;16;0.534145,0.845387,-0.003023,0.000000,-0.845392,0.534145,-0.000933,0.000000,0.000826,0.003054,0.999995,0.000000,-3.870954,1.046544,-0.183784,1.000000;;,
   15520;16;0.534145,0.845387,-0.003023,0.000000,-0.845392,0.534145,-0.000933,0.000000,0.000826,0.003054,0.999995,0.000000,-3.902927,1.046544,-0.183560,1.000000;;,
   15680;16;0.534145,0.845387,-0.003023,0.000000,-0.845392,0.534145,-0.000933,0.000000,0.000826,0.003054,0.999995,0.000000,-3.926620,1.046544,-0.183395,1.000000;;,
   15840;16;0.534145,0.845387,-0.003023,0.000000,-0.845392,0.534145,-0.000933,0.000000,0.000826,0.003054,0.999995,0.000000,-3.941342,1.046544,-0.183291,1.000000;;,
   16000;16;0.534145,0.845387,-0.003023,0.000000,-0.845392,0.534145,-0.000933,0.000000,0.000826,0.003054,0.999995,0.000000,-3.946402,1.046544,-0.183256,1.000000;;;
  }
 }

 Animation Anim-TorsUp {
  
  { TorsUp }

  AnimationOptions {
   0;
   0;
  }

  AnimationKey {
   4;
   101;
   0;16;0.986482,0.163802,0.004617,0.000000,-0.163798,0.986493,-0.001140,0.000000,-0.004742,0.000368,0.999988,0.000000,4.419194,0.000000,-0.000001,1.000000;;,
   160;16;0.986478,0.163834,0.004454,0.000000,-0.163832,0.986488,-0.000746,0.000000,-0.004516,0.000006,0.999990,0.000000,4.419194,0.000000,-0.000001,1.000000;;,
   320;16;0.986464,0.163930,0.003973,0.000000,-0.163933,0.986471,0.000419,0.000000,-0.003850,-0.001065,0.999992,0.000000,4.419194,0.000000,-0.000001,1.000000;;,
   480;16;0.986441,0.164087,0.003184,0.000000,-0.164094,0.986442,0.002326,0.000000,-0.002759,-0.002817,0.999992,0.000000,4.419194,0.000000,-0.000001,1.000000;;,
   640;16;0.986408,0.164302,0.002101,0.000000,-0.164311,0.986396,0.004947,0.000000,-0.001259,-0.005225,0.999986,0.000000,4.419194,0.000000,-0.000001,1.000000;;,
   800;16;0.986364,0.164574,0.000734,0.000000,-0.164574,0.986330,0.008256,0.000000,0.000635,-0.008264,0.999965,0.000000,4.419194,0.000000,-0.000001,1.000000;;,
   960;16;0.986310,0.164900,-0.000905,0.000000,-0.164877,0.986238,0.012224,0.000000,0.002908,-0.011907,0.999925,0.000000,4.419194,0.000000,-0.000001,1.000000;;,
   1120;16;0.986243,0.165278,-0.002804,0.000000,-0.165208,0.986115,0.016823,0.000000,0.005546,-0.016128,0.999855,0.000000,4.419194,0.000000,-0.000001,1.000000;;,
   1280;16;0.986163,0.165705,-0.004952,0.000000,-0.165559,0.985954,0.022026,0.000000,0.008532,-0.020901,0.999745,0.000000,4.419194,0.000000,-0.000001,1.000000;;,
   1440;16;0.986068,0.166179,-0.007337,0.000000,-0.165918,0.985747,0.027805,0.000000,0.011853,-0.026200,0.999586,0.000000,4.419194,0.000000,-0.000001,1.000000;;,
   1600;16;0.985958,0.166698,-0.009946,0.000000,-0.166275,0.985489,0.034132,0.000000,0.015492,-0.031999,0.999368,0.000000,4.419194,0.000000,-0.000001,1.000000;;,
   1760;16;0.985830,0.167260,-0.012769,0.000000,-0.166617,0.985170,0.040979,0.000000,0.019434,-0.038271,0.999078,0.000000,4.419194,0.000000,-0.000001,1.000000;;,
   1920;16;0.985684,0.167862,-0.015794,0.000000,-0.166934,0.984783,0.048318,0.000000,0.023664,-0.044989,0.998707,0.000000,4.419194,0.000000,-0.000001,1.000000;;,
   2080;16;0.985518,0.168502,-0.019009,0.000000,-0.167215,0.984322,0.056119,0.000000,0.028167,-0.052128,0.998243,0.000000,4.419194,0.000000,-0.000001,1.000000;;,
   2240;16;0.985331,0.169177,-0.022402,0.000000,-0.167448,0.983778,0.064354,0.000000,0.032926,-0.059659,0.997676,0.000000,4.419194,0.000000,-0.000001,1.000000;;,
   2400;16;0.985122,0.169886,-0.025961,0.000000,-0.167622,0.983146,0.072994,0.000000,0.037924,-0.067557,0.996994,0.000000,4.419194,0.000000,-0.000001,1.000000;;,
   2560;16;0.984889,0.170626,-0.029675,0.000000,-0.167726,0.982417,0.082010,0.000000,0.043146,-0.075794,0.996189,0.000000,4.419194,0.000000,-0.000001,1.000000;;,
   2720;16;0.984632,0.171394,-0.033532,0.000000,-0.167752,0.981586,0.091372,0.000000,0.048575,-0.084343,0.995252,0.000000,4.419194,0.000000,-0.000001,1.000000;;,
   2880;16;0.984349,0.172189,-0.037520,0.000000,-0.167689,0.980647,0.101050,0.000000,0.054193,-0.093177,0.994173,0.000000,4.419194,0.000000,-0.000001,1.000000;;,
   3040;16;0.984040,0.173007,-0.041627,0.000000,-0.167530,0.979597,0.111015,0.000000,0.059984,-0.102269,0.992947,0.000000,4.419194,0.000000,-0.000001,1.000000;;,
   3200;16;0.983705,0.173848,-0.045842,0.000000,-0.167266,0.978430,0.121235,0.000000,0.065929,-0.111592,0.991565,0.000000,4.419194,0.000000,-0.000001,1.000000;;,
   3360;16;0.983342,0.174707,-0.050152,0.000000,-0.166890,0.977143,0.131681,0.000000,0.072012,-0.121117,0.990023,0.000000,4.419195,0.000000,-0.000001,1.000000;;,
   3520;16;0.982952,0.175584,-0.054547,0.000000,-0.166397,0.975734,0.142322,0.000000,0.078213,-0.130819,0.988316,0.000000,4.419194,0.000000,-0.000001,1.000000;;,
   3680;16;0.982534,0.176476,-0.059014,0.000000,-0.165782,0.974201,0.153127,0.000000,0.084515,-0.140669,0.986443,0.000000,4.419194,0.000000,-0.000001,1.000000;;,
   3840;16;0.982089,0.177380,-0.063541,0.000000,-0.165041,0.972545,0.164067,0.000000,0.090899,-0.150641,0.984401,0.000000,4.419194,0.000000,-0.000001,1.000000;;,
   4000;16;0.981617,0.178294,-0.068117,0.000000,-0.164172,0.970765,0.175110,0.000000,0.097347,-0.160708,0.982190,0.000000,4.419194,0.000000,-0.000001,1.000000;;,
   4160;16;0.981117,0.179217,-0.072730,0.000000,-0.163173,0.968862,0.186225,0.000000,0.103840,-0.170841,0.979811,0.000000,4.419194,0.000000,-0.000001,1.000000;;,
   4320;16;0.980592,0.180144,-0.077369,0.000000,-0.162045,0.966841,0.197383,0.000000,0.110361,-0.181015,0.977268,0.000000,4.419194,0.000000,-0.000001,1.000000;;,
   4480;16;0.980043,0.181076,-0.082022,0.000000,-0.160787,0.964704,0.208553,0.000000,0.116890,-0.191203,0.974565,0.000000,4.419194,0.000000,-0.000001,1.000000;;,
   4640;16;0.979469,0.182008,-0.086676,0.000000,-0.159404,0.962455,0.219706,0.000000,0.123410,-0.201379,0.971708,0.000000,4.419194,0.000000,-0.000001,1.000000;;,
   4800;16;0.978874,0.182939,-0.091321,0.000000,-0.157897,0.960101,0.230811,0.000000,0.129902,-0.211515,0.968704,0.000000,4.419194,0.000000,-0.000001,1.000000;;,
   4960;16;0.978257,0.183866,-0.095946,0.000000,-0.156273,0.957650,0.241839,0.000000,0.136348,-0.221587,0.965561,0.000000,4.419194,0.000000,-0.000001,1.000000;;,
   5120;16;0.977623,0.184787,-0.100537,0.000000,-0.154538,0.955107,0.252761,0.000000,0.142731,-0.231568,0.962291,0.000000,4.419194,0.000000,-0.000001,1.000000;;,
   5280;16;0.976971,0.185700,-0.105085,0.000000,-0.152698,0.952484,0.263549,0.000000,0.149033,-0.241433,0.958905,0.000000,4.419194,0.000000,-0.000001,1.000000;;,
   5440;16;0.976305,0.186603,-0.109578,0.000000,-0.150762,0.949789,0.274175,0.000000,0.155238,-0.251158,0.955417,0.000000,4.419194,0.000000,-0.000001,1.000000;;,
   5600;16;0.975628,0.187492,-0.114004,0.000000,-0.148740,0.947034,0.284611,0.000000,0.161328,-0.260717,0.951840,0.000000,4.419194,0.000000,-0.000001,1.000000;;,
   5760;16;0.974941,0.188367,-0.118352,0.000000,-0.146643,0.944230,0.294831,0.000000,0.167288,-0.270087,0.948192,0.000000,4.419194,0.000000,-0.000001,1.000000;;,
   5920;16;0.974249,0.189225,-0.122610,0.000000,-0.144483,0.941391,0.304808,0.000000,0.173101,-0.279243,0.944489,0.000000,4.419194,0.000000,-0.000001,1.000000;;,
   6080;16;0.973553,0.190063,-0.126768,0.000000,-0.142271,0.938530,0.314516,0.000000,0.178753,-0.288163,0.940749,0.000000,4.419194,0.000000,-0.000001,1.000000;;,
   6240;16;0.972858,0.190879,-0.130815,0.000000,-0.140023,0.935661,0.323931,0.000000,0.184230,-0.296822,0.936993,0.000000,4.419194,0.000000,-0.000001,1.000000;;,
   6400;16;0.972167,0.191670,-0.134738,0.000000,-0.137753,0.932800,0.333029,0.000000,0.189515,-0.305199,0.933240,0.000000,4.419194,0.000000,-0.000001,1.000000;;,
   6560;16;0.971483,0.192435,-0.138527,0.000000,-0.135475,0.929963,0.341784,0.000000,0.194597,-0.313270,0.929513,0.000000,4.419194,0.000000,-0.000001,1.000000;;,
   6720;16;0.970810,0.193172,-0.142172,0.000000,-0.133206,0.927165,0.350175,0.000000,0.199461,-0.321015,0.925832,0.000000,4.419194,0.000000,-0.000001,1.000000;;,
   6880;16;0.970152,0.193878,-0.145661,0.000000,-0.130962,0.924423,0.358178,0.000000,0.204095,-0.328411,0.922221,0.000000,4.419194,0.000000,-0.000001,1.000000;;,
   7040;16;0.969512,0.194550,-0.148982,0.000000,-0.128759,0.921755,0.365771,0.000000,0.208486,-0.335437,0.918703,0.000000,4.419194,0.000000,-0.000001,1.000000;;,
   7200;16;0.968896,0.195186,-0.152126,0.000000,-0.126617,0.919179,0.372933,0.000000,0.212622,-0.342072,0.915303,0.000000,4.419194,0.000000,-0.000001,1.000000;;,
   7360;16;0.968307,0.195785,-0.155081,0.000000,-0.124551,0.916711,0.379643,0.000000,0.216493,-0.348295,0.912042,0.000000,4.419194,0.000000,-0.000001,1.000000;;,
   7520;16;0.967748,0.196344,-0.157836,0.000000,-0.122579,0.914370,0.385878,0.000000,0.220085,-0.354086,0.908948,0.000000,4.419194,0.000000,-0.000001,1.000000;;,
   7680;16;0.967225,0.196860,-0.160381,0.000000,-0.120719,0.912174,0.391620,0.000000,0.223389,-0.359423,0.906042,0.000000,4.419194,0.000000,-0.000001,1.000000;;,
   7840;16;0.966741,0.197332,-0.162704,0.000000,-0.118989,0.910140,0.396847,0.000000,0.226394,-0.364288,0.903350,0.000000,4.419194,0.000000,-0.000001,1.000000;;,
   8000;16;0.966300,0.197756,-0.164795,0.000000,-0.117405,0.908286,0.401538,0.000000,0.229088,-0.368658,0.900894,0.000000,4.419194,0.000000,-0.000001,1.000000;;,
   8160;16;0.965906,0.198132,-0.166642,0.000000,-0.115984,0.906629,0.405674,0.000000,0.231460,-0.372515,0.898699,0.000000,4.419194,0.000000,-0.000001,1.000000;;,
   8320;16;0.965563,0.198456,-0.168236,0.000000,-0.114743,0.905187,0.409233,0.000000,0.233499,-0.375836,0.896786,0.000000,4.419194,0.000000,-0.000001,1.000000;;,
   8480;16;0.965275,0.198726,-0.169564,0.000000,-0.113698,0.903974,0.412195,0.000000,0.235195,-0.378602,0.895178,0.000000,4.419194,0.000000,-0.000001,1.000000;;,
   8640;16;0.965046,0.198940,-0.170617,0.000000,-0.112862,0.903006,0.414537,0.000000,0.236536,-0.380791,0.893895,0.000000,4.419194,0.000000,-0.000001,1.000000;;,
   8800;16;0.964878,0.199095,-0.171382,0.000000,-0.112250,0.902300,0.416240,0.000000,0.237510,-0.382383,0.892957,0.000000,4.419194,0.000000,-0.000001,1.000000;;,
   8960;16;0.964775,0.199191,-0.171850,0.000000,-0.111875,0.901866,0.417278,0.000000,0.238103,-0.383354,0.892383,0.000000,4.419194,0.000000,-0.000001,1.000000;;,
   9120;16;0.964740,0.199223,-0.172008,0.000000,-0.111748,0.901720,0.417630,0.000000,0.238304,-0.383683,0.892187,0.000000,4.419194,0.000000,-0.000001,1.000000;;,
   9280;16;0.965746,0.199217,-0.166273,0.000000,-0.117287,0.906706,0.405127,0.000000,0.231469,-0.371748,0.899013,0.000000,4.419194,0.000000,-0.000001,1.000000;;,
   9440;16;0.968368,0.199197,-0.150279,0.000000,-0.131824,0.919754,0.369696,0.000000,0.211862,-0.338192,0.916919,0.000000,4.419194,0.000000,-0.000001,1.000000;;,
   9600;16;0.971857,0.199156,-0.125822,0.000000,-0.151403,0.937250,0.314068,0.000000,0.180475,-0.286179,0.941026,0.000000,4.419194,0.000000,-0.000001,1.000000;;,
   9760;16;0.975394,0.199088,-0.094709,0.000000,-0.171550,0.955202,0.241165,0.000000,0.138479,-0.218984,0.965852,0.000000,4.419194,0.000000,-0.000001,1.000000;;,
   9920;16;0.978237,0.198988,-0.058786,0.000000,-0.187995,0.969905,0.154732,0.000000,0.087807,-0.140313,0.986206,0.000000,4.419194,0.000000,-0.000001,1.000000;;,
   10080;16;0.979827,0.198849,-0.019952,0.000000,-0.197371,0.978518,0.059561,0.000000,0.031367,-0.054422,0.998025,0.000000,4.419194,0.000000,-0.000001,1.000000;;,
   10240;16;0.979866,0.198667,0.019861,0.000000,-0.197804,0.979478,-0.038702,0.000000,-0.027142,0.033994,0.999054,0.000000,4.419194,0.000000,-0.000001,1.000000;;,
   10400;16;0.978355,0.198434,0.058702,0.000000,-0.189250,0.972733,-0.134070,0.000000,-0.083706,0.120059,0.989232,0.000000,4.419194,0.000000,-0.000001,1.000000;;,
   10560;16;0.975593,0.198146,0.094636,0.000000,-0.173504,0.959750,-0.220854,0.000000,-0.134589,0.199044,0.970705,0.000000,4.419194,0.000000,-0.000001,1.000000;;,
   10720;16;0.972142,0.197796,0.125767,0.000000,-0.153866,0.943283,-0.294182,0.000000,-0.176822,0.266636,0.947438,0.000000,4.419194,0.000000,-0.000001,1.000000;;,
   10880;16;0.968746,0.197378,0.150245,0.000000,-0.134550,0.926958,-0.350207,0.000000,-0.208394,0.319046,0.924544,0.000000,4.419194,0.000000,-0.000001,1.000000;;,
   11040;16;0.966226,0.196887,0.166263,0.000000,-0.119985,0.914705,-0.385900,0.000000,-0.228061,0.352918,0.907434,0.000000,4.419194,0.000000,-0.000001,1.000000;;,
   11200;16;0.965333,0.196317,0.172021,0.000000,-0.114078,0.910073,-0.398439,0.000000,-0.234772,0.365002,0.900919,0.000000,4.419194,0.000000,-0.000001,1.000000;;,
   11360;16;0.965563,0.195639,0.171505,0.000000,-0.113972,0.910652,-0.397145,0.000000,-0.233878,0.363922,0.901588,0.000000,4.419194,0.000000,-0.000001,1.000000;;,
   11520;16;0.965998,0.194838,0.169961,0.000000,-0.114723,0.912109,-0.393569,0.000000,-0.231705,0.360688,0.903447,0.000000,4.419194,0.000000,-0.000001,1.000000;;,
   11680;16;0.966618,0.193922,0.167461,0.000000,-0.116244,0.914360,-0.387858,0.000000,-0.228333,0.355444,0.906379,0.000000,4.419194,0.000000,-0.000001,1.000000;;,
   11840;16;0.967403,0.192902,0.164076,0.000000,-0.118437,0.917309,-0.380155,0.000000,-0.223841,0.348330,0.910254,0.000000,4.419194,0.000000,-0.000001,1.000000;;,
   12000;16;0.968326,0.191789,0.159878,0.000000,-0.121198,0.920852,-0.370597,0.000000,-0.218301,0.339482,0.914930,0.000000,4.419194,0.000000,-0.000001,1.000000;;,
   12160;16;0.969365,0.190593,0.154938,0.000000,-0.124415,0.924883,-0.359322,0.000000,-0.211784,0.329038,0.920262,0.000000,4.419194,0.000000,-0.000001,1.000000;;,
   12320;16;0.970493,0.189324,0.149328,0.000000,-0.127976,0.929292,-0.346467,0.000000,-0.204363,0.317133,0.926100,0.000000,4.419194,0.000000,-0.000001,1.000000;;,
   12480;16;0.971687,0.187992,0.143117,0.000000,-0.131770,0.933969,-0.332171,0.000000,-0.196113,0.303908,0.932298,0.000000,4.419194,0.000000,-0.000001,1.000000;;,
   12640;16;0.972922,0.186608,0.136379,0.000000,-0.135688,0.938811,-0.316581,0.000000,-0.187111,0.289503,0.938711,0.000000,4.419194,0.000000,-0.000001,1.000000;;,
   12800;16;0.974176,0.185182,0.129186,0.000000,-0.139628,0.943714,-0.299846,0.000000,-0.177441,0.274064,0.945200,0.000000,4.419194,0.000000,-0.000001,1.000000;;,
   12960;16;0.975426,0.183724,0.121610,0.000000,-0.143495,0.948586,-0.282123,0.000000,-0.167190,0.257740,0.951639,0.000000,4.419194,0.000000,-0.000001,1.000000;;,
   13120;16;0.976655,0.182244,0.113725,0.000000,-0.147202,0.953340,-0.263578,0.000000,-0.156454,0.240684,0.957911,0.000000,4.419194,0.000000,-0.000001,1.000000;;,
   13280;16;0.977843,0.180754,0.105603,0.000000,-0.150676,0.957901,-0.244381,0.000000,-0.145330,0.223054,0.963912,0.000000,4.419194,0.000000,-0.000001,1.000000;;,
   13440;16;0.978976,0.179263,0.097320,0.000000,-0.153853,0.962203,-0.224708,0.000000,-0.133924,0.205011,0.969554,0.000000,4.419194,0.000000,-0.000001,1.000000;;,
   13600;16;0.980042,0.177782,0.088951,0.000000,-0.156686,0.966193,-0.204744,0.000000,-0.122343,0.186721,0.974765,0.000000,4.419194,0.000000,-0.000001,1.000000;;,
   13760;16;0.981030,0.176320,0.080569,0.000000,-0.159140,0.969829,-0.184677,0.000000,-0.110701,0.168351,0.979491,0.000000,4.419194,0.000000,-0.000001,1.000000;;,
   13920;16;0.981933,0.174890,0.072252,0.000000,-0.161195,0.973083,-0.164697,0.000000,-0.099111,0.150075,0.983694,0.000000,4.419194,0.000000,-0.000001,1.000000;;,
   14080;16;0.982747,0.173500,0.064075,0.000000,-0.162844,0.975939,-0.145001,0.000000,-0.087691,0.132065,0.987355,0.000000,4.419194,0.000000,-0.000001,1.000000;;,
   14240;16;0.983469,0.172161,0.056113,0.000000,-0.164095,0.978392,-0.125784,0.000000,-0.076556,0.114497,0.990469,0.000000,4.419194,0.000000,-0.000001,1.000000;;,
   14400;16;0.984099,0.170884,0.048444,0.000000,-0.164971,0.980451,-0.107244,0.000000,-0.065823,0.097547,0.993052,0.000000,4.419194,0.000000,-0.000001,1.000000;;,
   14560;16;0.984640,0.169679,0.041143,0.000000,-0.165504,0.982133,-0.089575,0.000000,-0.055607,0.081389,0.995130,0.000000,4.419194,0.000000,-0.000001,1.000000;;,
   14720;16;0.985095,0.168557,0.034287,0.000000,-0.165738,0.983466,-0.072972,0.000000,-0.046020,0.066201,0.996744,0.000000,4.419194,0.000000,-0.000001,1.000000;;,
   14880;16;0.985471,0.167528,0.027953,0.000000,-0.165726,0.984487,-0.057628,0.000000,-0.037174,0.052158,0.997947,0.000000,4.419194,0.000000,-0.000001,1.000000;;,
   15040;16;0.985774,0.166602,0.022217,0.000000,-0.165525,0.985235,-0.043733,0.000000,-0.029175,0.039433,0.998796,0.000000,4.419194,0.000000,-0.000001,1.000000;;,
   15200;16;0.986012,0.165789,0.017155,0.000000,-0.165199,0.985758,-0.031474,0.000000,-0.022129,0.028200,0.999357,0.000000,4.419194,0.000000,-0.000001,1.000000;;,
   15360;16;0.986193,0.165102,0.012843,0.000000,-0.164812,0.986101,-0.021036,0.000000,-0.016138,0.018629,0.999696,0.000000,4.419194,0.000000,-0.000001,1.000000;;,
   15520;16;0.986324,0.164548,0.009358,0.000000,-0.164426,0.986309,-0.012603,0.000000,-0.011303,0.010892,0.999877,0.000000,4.419195,0.000000,-0.000001,1.000000;;,
   15680;16;0.986414,0.164141,0.006774,0.000000,-0.164099,0.986423,-0.006355,0.000000,-0.007726,0.005157,0.999957,0.000000,4.419194,0.000000,-0.000001,1.000000;;,
   15840;16;0.986465,0.163888,0.005169,0.000000,-0.163877,0.986478,-0.002474,0.000000,-0.005505,0.001593,0.999984,0.000000,4.419194,0.000000,-0.000001,1.000000;;,
   16000;16;0.986482,0.163802,0.004617,0.000000,-0.163798,0.986493,-0.001140,0.000000,-0.004742,0.000368,0.999988,0.000000,4.419194,0.000000,-0.000001,1.000000;;;
  }
 }

 Animation Anim-HeadB {
  
  { HeadB }

  AnimationOptions {
   0;
   0;
  }

  AnimationKey {
   4;
   101;
   0;16;0.999831,0.000007,0.018371,0.000000,-0.000007,1.000000,-0.000000,0.000000,-0.018371,0.000000,0.999831,0.000000,4.399964,0.000000,-0.000002,1.000000;;,
