xof 0303txt 0032
template XSkinMeshHeader {
 <3cf169ce-ff7c-44ab-93c0-f78f62d172e2>
 WORD nMaxSkinWeightsPerVertex;
 WORD nMaxSkinWeightsPerFace;
 WORD nBones;
}

template VertexDuplicationIndices {
 <b8d65549-d7c9-4995-89cf-53a9a8b031e3>
 DWORD nIndices;
 DWORD nOriginalVertices;
 array DWORD indices[nIndices];
}

template SkinWeights {
 <6f0d123b-bad2-4167-a0d0-80224f25fabb>
 STRING transformNodeName;
 DWORD nWeights;
 array DWORD vertexIndices[nWeights];
 array FLOAT weights[nWeights];
 Matrix4x4 matrixOffset;
}

template FVFData {
 <b6e70a0e-8ef9-4e83-94ad-ecc8b0c04897>
 DWORD dwFVF;
 DWORD nDWords;
 array DWORD data[nDWords];
}

template EffectInstance {
 <e331f7e4-0559-4cc2-8e99-1cec1657928f>
 STRING EffectFilename;
 [...]
}

template EffectParamFloats {
 <3014b9a0-62f5-478c-9b86-e4ac9f4e418b>
 STRING ParamName;
 DWORD nFloats;
 array FLOAT Floats[nFloats];
}

template EffectParamString {
 <1dbc4c88-94c1-46ee-9076-2c28818c9481>
 STRING ParamName;
 STRING Value;
}

template EffectParamDWord {
 <e13963bc-ae51-4c5d-b00f-cfa3a9d97ce5>
 STRING ParamName;
 DWORD Value;
}



Frame Tors {
 

 FrameTransformMatrix {
  0.741834,0.670570,-0.004198,0.000000,-0.670581,0.741834,-0.001923,0.000000,0.001825,0.004241,0.999989,0.000000,-3.946402,1.046544,-0.183256,1.000000;;
 }

 Frame {
  

  FrameTransformMatrix {
   1.000000,0.000000,0.000000,0.000000,-0.000000,1.000000,0.000000,0.000000,0.000000,0.000000,1.000000,0.000000,0.000000,0.000000,0.000000,1.000000;;
  }
 }

 Frame TorsUp {
  

  FrameTransformMatrix {
   0.986482,0.163802,0.004617,0.000000,-0.163798,0.986493,-0.001140,0.000000,-0.004742,0.000368,0.999989,0.000000,4.419194,0.000000,-0.000001,1.000000;;
  }

  Frame {
   

   FrameTransformMatrix {
    1.000001,0.000000,-0.000000,0.000000,-0.000000,1.000000,0.000000,0.000000,-0.000000,-0.000000,1.000000,0.000000,0.000000,0.000000,0.000000,1.000000;;
   }
  }

  Frame HeadB {
   

   FrameTransformMatrix {
    0.979787,0.199156,0.018842,0.000000,-0.199191,0.979961,-0.000015,0.000000,-0.018467,-0.003738,0.999823,0.000000,4.399964,0.000000,-0.000002,1.000000;;
   }

   Frame {
    

    FrameTransformMatrix {
     1.000000,0.000000,0.000000,0.000000,0.000000,1.000000,0.000000,0.000000,0.000000,-0.000000,1.000000,0.000000,0.000000,0.000000,0.000000,1.000000;;
    }
   }
  }
 }

 Frame InTorL {
  

  FrameTransformMatrix {
   0.968614,-0.110822,0.222498,0.000000,0.114999,0.993348,-0.005862,0.000000,-0.220368,0.031265,0.974916,0.000000,4.424906,-0.000672,0.002953,1.000000;;
  }

  Frame {
   

   FrameTransformMatrix {
    1.000000,-0.000000,-0.000000,0.000000,-0.000000,1.000000,-0.000000,0.000000,-0.000000,-0.000000,1.000000,0.000000,0.000000,0.000000,0.000000,1.000000;;
   }
  }

  Frame LeftShoulder {
   

   FrameTransformMatrix {
    -0.034538,-0.148911,0.988247,0.000000,-0.026151,0.988633,0.148056,0.000000,-0.999061,-0.020731,-0.038039,0.000000,2.927038,-0.000001,0.000001,1.000000;;
   }

   Frame {
    

    FrameTransformMatrix {
     1.000000,-0.000000,-0.000000,0.000000,0.000000,1.000000,-0.000000,0.000000,-0.000000,-0.000000,1.000000,0.000000,0.000000,0.000000,0.000000,1.000000;;
    }
   }

   Frame LeftArm {
    

    FrameTransformMatrix {
     0.834158,-0.550392,0.035333,0.000000,0.404615,0.654241,0.638949,0.000000,-0.374789,-0.518688,0.768438,0.000000,2.442419,0.000000,-0.000001,1.000000;;
    }

    Frame {
     

     FrameTransformMatrix {
      1.000000,0.000000,-0.000000,0.000000,-0.000000,1.000000,-0.000000,0.000000,-0.000000,0.000000,1.000000,0.000000,0.000000,0.000000,0.000000,1.000000;;
     }
    }

    Frame LeftHand {
     

     FrameTransformMatrix {
      0.371424,-0.878363,0.300872,0.000000,0.635494,0.004254,-0.772094,0.000000,0.676899,0.477976,0.559775,0.000000,3.089211,0.000000,0.000001,1.000000;;
     }

     Frame {
      

      FrameTransformMatrix {
       1.000000,-0.000000,0.000000,0.000000,0.000000,1.000000,-0.000000,0.000000,-0.000000,0.000000,1.000000,0.000000,0.000000,0.000000,0.000000,1.000000;;
      }
     }

     Frame LeftWeap {
      

      FrameTransformMatrix {
       0.897999,-0.028906,0.439048,0.000000,0.060019,0.996560,-0.057147,0.000000,-0.435885,0.077669,0.896644,0.000000,3.818731,-0.000001,-0.000002,1.000000;;
      }

      Frame {
       

       FrameTransformMatrix {
        1.000000,0.000000,0.000000,0.000000,-0.000000,1.000000,-0.000000,0.000000,-0.000000,-0.000000,1.000000,0.000000,0.000000,0.000000,0.000000,1.000000;;
       }
      }
     }
    }
   }
  }
 }

 Frame InTorR {
  

  FrameTransformMatrix {
   0.954707,-0.185074,-0.232985,0.000000,0.189294,0.981911,-0.004319,0.000000,0.229570,-0.039979,0.972471,0.000000,4.424906,-0.000672,0.002953,1.000000;;
  }

  Frame {
   

   FrameTransformMatrix {
    0.999998,-0.000000,0.000000,0.000000,0.000000,1.000000,-0.000000,0.000000,0.000000,-0.000000,1.000000,0.000000,0.000000,0.000000,0.000000,1.000000;;
   }
  }

  Frame RightSoulder {
   

   FrameTransformMatrix {
    -0.106150,-0.150986,-0.982820,0.000000,0.031028,-0.988426,0.148496,0.000000,-0.993866,-0.014732,0.109606,0.000000,3.187387,0.000000,0.000001,1.000000;;
   }

   Frame {
    

    FrameTransformMatrix {
     0.999999,0.000000,0.000000,0.000000,0.000000,1.000000,0.000000,0.000000,-0.000000,0.000000,1.000000,0.000000,0.000000,0.000000,0.000000,1.000000;;
    }
   }

   Frame RightArm {
    

    FrameTransformMatrix {
     0.647562,0.688845,-0.325815,0.000000,-0.678830,0.327229,-0.657352,0.000000,-0.346197,0.646849,0.679510,0.000000,2.157362,-0.000000,-0.000001,1.000000;;
    }

    Frame {
     

     FrameTransformMatrix {
      1.000000,-0.000000,-0.000000,0.000000,-0.000000,1.000000,0.000000,0.000000,0.000000,-0.000000,1.000000,0.000000,0.000000,0.000000,0.000000,1.000000;;
     }
    }

    Frame RightHand {
     

     FrameTransformMatrix {
      0.842985,0.415792,-0.341311,0.000000,-0.499574,0.840418,-0.210055,0.000000,0.199505,0.347583,0.916179,0.000000,3.135295,0.000000,0.000002,1.000000;;
     }

     Frame {
      

      FrameTransformMatrix {
       0.999996,-0.000000,-0.000000,0.000000,-0.000000,1.000000,-0.000000,0.000000,-0.000000,-0.000000,1.000000,0.000000,0.000000,0.000000,0.000000,1.000000;;
      }
     }

     Frame RightWeap {
      

      FrameTransformMatrix {
       0.869785,0.152259,0.469351,0.000000,-0.170371,0.985372,-0.003934,0.000000,-0.463084,-0.076542,0.883003,0.000000,4.142575,0.000000,-0.000008,1.000000;;
      }

      Frame {
       

       FrameTransformMatrix {
        1.000000,-0.000000,-0.000000,0.000000,0.000000,1.000000,0.000000,0.000000,-0.000000,-0.000000,1.000000,0.000000,0.000000,0.000000,0.000000,1.000000;;
       }
      }
     }
    }
   }
  }
 }
}

Frame Cloth {
 

 FrameTransformMatrix {
  0.000000,1.000000,0.000000,0.000000,-1.000000,0.000000,0.000000,0.000000,0.000000,0.000000,1.000000,0.000000,-5.240104,0.414664,-0.234376,1.000000;;
 }
}


